900
49 60 48 19
18 63 13 47
95 11 88 3
53 25 50 11
89 69 50 8
41 81 11 65
46 37 23 22
38 10 14 1
24 66 19 40
82 35 76 24
97 20 47 14
42 20 21 12
42 98 39 77
78 4 62 0
38 98 2 70
8 33 2 3
52 40 30 23
28 51 6 33
24 97 10 84
70 89 14 36
86 28 42 2
29 7 27 3
4 6 0 2
37 3 31 2
94 63 50 58
67 36 64 3
32 34 22 29
76 61 7 0
43 62 35 38
66 70 14 9
30 87 27 46
43 73 12 15
89 76 23 73
11 17 10 15
48 13 22 4
72 13 64 11
28 67 15 54
91 86 12 75
28 96 6 5
68 39 18 15
68 21 31 1
35 18 2 9
83 72 74 29
38 46 24 1
66 20 28 17
60 23 6 9
18 9 6 2
100 63 61 27
37 69 30 51
40 32 21 13
57 67 46 63
66 3 33 2
75 20 73 11
40 58 19 12
20 78 13 64
95 95 8 24
19 100 16 6
85 65 38 36
32 15 20 0
69 96 33 8
15 65 1 31
76 100 22 74
33 62 11 56
13 69 3 10
24 19 18 11
37 35 12 19
47 43 28 24
92 50 67 26
14 93 7 64
92 36 9 10
52 11 36 10
77 68 60 43
40 47 18 34
79 14 36 6
10 20 2 17
68 12 23 2
59 35 52 12
69 65 33 9
73 85 70 76
52 86 1 41
86 68 33 7
35 23 16 5
41 97 7 64
62 65 15 25
97 69 1 0
87 49 56 7
87 26 1 20
66 70 29 20
91 55 5 12
75 64 17 22
60 71 41 45
89 78 48 32
100 16 49 14
19 95 2 87
75 16 18 13
39 32 25 27
40 56 30 54
74 82 70 26
52 65 29 9
96 55 81 54
24 37 4 24
86 80 10 15
49 47 1 33
77 40 30 1
50 30 23 22
11 73 3 10
91 69 29 26
77 85 49 82
21 61 19 47
94 44 74 41
44 25 37 8
19 48 12 35
31 25 28 1
95 4 59 2
70 60 11 37
44 6 29 5
64 89 19 40
86 48 7 6
27 31 26 3
32 44 9 30
22 3 1 1
4 6 2 1
63 35 47 1
38 68 11 36
12 7 0 1
8 16 7 11
98 34 69 3
31 33 4 8
87 51 78 50
10 83 3 40
17 40 9 13
62 59 3 3
19 68 7 28
81 53 40 19
84 36 28 27
22 14 20 6
18 89 10 26
71 20 69 18
13 33 11 11
46 39 18 16
6 72 3 71
24 4 12 2
91 86 67 79
97 96 6 44
84 76 33 73
49 41 40 1
27 27 15 17
19 91 2 45
62 79 44 30
36 40 24 15
25 78 3 44
74 71 26 44
3 88 0 36
28 12 1 8
91 57 73 35
47 17 16 14
50 61 16 57
98 52 16 5
83 18 39 5
86 3 46 1
89 41 79 28
50 60 31 13
70 8 42 2
22 93 12 84
9 85 3 70
90 34 81 2
49 94 35 61
95 58 51 36
52 62 39 59
21 82 13 76
87 49 45 10
95 45 53 6
29 46 22 34
77 51 61 3
45 36 43 34
48 83 38 64
44 36 1 8
17 45 0 5
47 73 25 52
17 57 9 4
56 14 10 1
62 67 15 30
57 73 56 12
56 80 39 30
16 50 2 33
48 83 14 52
55 67 20 41
23 39 5 3
50 44 2 13
65 24 17 14
94 31 55 13
10 73 5 11
22 78 6 60
61 11 16 5
75 11 29 7
48 13 25 5
10 84 9 41
7 93 3 77
23 11 15 6
38 12 22 6
87 31 31 21
93 56 72 6
64 17 54 12
81 50 73 27
33 29 11 25
21 5 8 1
14 44 6 32
9 93 7 20
77 46 33 24
99 73 16 59
43 25 0 6
72 40 48 31
23 78 3 20
80 35 11 23
33 68 5 44
60 62 29 61
61 36 58 23
62 66 27 32
88 56 82 42
50 43 9 7
20 7 7 2
93 97 81 75
64 47 49 17
8 3 7 2
90 87 26 56
8 10 3 0
64 86 8 24
83 74 21 39
34 43 4 12
40 7 30 5
7 20 3 3
21 53 7 38
94 64 24 44
71 22 30 17
62 62 45 13
36 77 26 22
20 60 14 24
20 50 10 27
67 98 18 82
7 71 6 46
88 7 21 0
27 9 9 5
69 44 65 17
74 35 71 2
48 69 46 23
72 24 61 9
75 38 36 6
63 69 55 38
29 92 11 20
54 8 35 7
5 84 2 3
19 55 15 24
77 33 41 29
10 88 0 82
80 59 54 37
81 13 29 7
58 7 47 1
66 72 4 21
55 17 14 10
69 19 47 6
50 91 11 10
78 29 8 4
41 20 7 3
84 51 8 37
55 8 9 3
77 87 3 7
4 37 1 23
10 54 6 16
44 14 34 3
40 70 13 6
43 92 17 7
42 90 33 69
51 66 13 21
53 17 20 5
7 76 2 61
84 99 35 45
13 99 12 2
68 96 63 93
87 45 68 43
88 50 20 2
69 51 60 42
65 94 43 28
69 69 9 23
67 14 28 2
12 42 4 30
37 82 1 58
27 80 21 39
83 32 43 9
36 87 23 79
80 18 30 14
84 13 65 10
24 40 2 15
80 37 15 17
18 68 12 15
3 48 0 39
34 77 6 22
64 78 2 52
49 51 47 5
61 53 2 16
46 36 36 34
26 53 18 26
74 39 8 8
40 10 32 8
40 65 25 38
43 22 30 16
70 52 0 17
4 74 0 55
63 98 16 83
6 72 1 56
64 26 9 13
87 71 47 41
89 73 86 54
92 34 85 2
84 58 13 46
31 19 1 4
70 22 55 16
91 65 88 38
45 52 18 12
76 91 74 27
64 90 54 86
77 76 51 37
87 23 36 21
39 50 3 3
25 100 5 23
21 36 12 24
42 87 30 5
33 56 31 5
99 38 33 32
13 38 9 7
58 9 33 0
12 39 9 25
92 98 19 9
33 79 28 23
21 29 12 16
38 31 20 9
66 13 51 10
4 18 3 0
24 7 16 3
97 29 83 18
26 23 1 20
99 80 57 36
62 78 32 42
8 75 1 56
41 5 29 1
75 41 72 29
45 71 27 15
97 48 8 35
68 81 7 21
16 23 11 18
54 15 0 8
87 12 23 3
69 41 50 6
35 75 12 19
46 21 32 2
22 56 19 29
90 13 72 1
87 99 76 2
13 59 10 11
24 90 5 15
84 99 83 24
73 34 66 5
8 76 3 46
85 39 27 11
5 75 4 38
73 75 41 22
33 33 23 16
22 13 21 5
11 93 6 10
26 79 12 10
54 74 7 41
66 23 52 11
95 8 21 4
80 37 74 13
67 38 56 32
48 80 47 69
29 31 25 28
63 52 20 21
25 46 17 1
22 25 18 19
84 20 32 2
54 50 33 14
85 11 48 0
88 26 12 23
10 30 7 27
80 66 30 5
65 43 42 22
21 64 0 40
82 55 36 31
4 3 2 1
65 33 54 6
12 55 11 50
38 51 37 2
16 24 0 3
20 38 2 2
99 25 71 24
77 69 52 3
25 31 14 0
18 87 4 60
95 24 91 13
72 83 26 8
7 39 6 10
30 86 23 69
64 20 15 13
87 74 42 24
58 43 35 32
29 54 14 24
75 95 27 15
77 19 65 15
11 11 10 3
50 38 46 1
56 24 32 11
95 86 73 76
28 21 20 1
28 76 26 5
26 47 22 1
63 92 30 18
56 15 31 9
51 79 29 9
100 31 58 22
16 78 10 3
97 79 27 27
11 88 7 19
89 86 60 80
34 89 13 77
3 91 1 53
69 16 7 8
99 82 77 19
60 29 34 25
61 12 35 6
98 20 10 15
6 54 1 4
42 21 4 10
66 77 14 22
46 75 15 8
56 38 11 28
20 62 17 26
72 11 56 7
82 67 59 37
21 9 7 8
82 8 35 6
38 67 31 10
95 54 43 29
89 88 78 0
49 40 38 31
4 51 3 15
18 69 3 35
76 9 68 6
14 25 12 4
45 98 23 36
51 17 16 0
4 58 1 54
52 94 5 38
44 40 17 6
8 24 3 12
30 17 6 2
39 57 23 2
55 89 36 81
60 14 27 0
26 51 24 43
98 9 34 6
46 37 7 0
14 22 11 8
36 86 34 1
43 41 7 21
29 78 0 77
89 5 88 3
9 31 8 3
37 87 5 36
77 63 75 36
82 26 29 10
65 70 36 58
64 3 38 1
78 18 59 4
74 42 7 21
70 40 9 38
80 93 51 19
12 78 8 18
57 78 8 75
3 13 2 6
14 45 6 38
60 92 28 16
87 63 27 19
56 60 28 6
52 10 3 2
86 40 41 5
71 77 53 68
87 51 48 42
49 50 1 9
96 71 11 33
87 67 22 58
26 8 21 1
16 17 1 14
10 51 5 46
27 65 25 23
69 89 68 29
39 71 22 57
96 77 42 72
43 61 29 58
66 51 59 38
66 41 22 9
90 81 80 77
99 8 58 4
51 100 12 84
26 22 7 12
96 96 92 33
12 78 3 61
28 19 21 8
58 41 43 0
21 34 20 26
93 51 46 29
6 29 4 1
48 66 17 10
18 58 7 26
89 56 45 39
72 10 44 8
4 98 2 73
85 97 55 39
3 84 0 73
12 66 1 8
86 87 10 67
98 50 24 27
5 81 2 16
44 80 18 16
33 94 19 64
46 65 10 27
48 84 10 24
50 34 42 10
21 29 2 27
76 15 37 5
93 23 18 2
56 29 17 21
22 51 13 19
15 12 14 7
50 12 9 8
98 46 38 7
28 29 26 23
95 54 79 49
74 8 66 2
34 65 17 24
69 77 60 28
43 90 31 83
55 75 49 25
74 80 12 53
62 64 28 51
17 100 4 20
61 30 15 29
48 93 30 15
25 71 6 42
60 100 11 33
30 5 11 0
38 40 1 10
3 76 2 59
31 59 18 35
42 84 36 28
32 79 6 72
5 7 4 3
6 91 5 35
49 3 41 2
40 9 28 8
39 97 14 15
12 79 9 13
18 90 7 89
68 92 45 70
96 38 63 13
28 69 23 17
69 93 53 74
100 5 90 1
100 76 13 60
10 67 0 8
56 6 35 3
51 89 47 43
81 43 26 41
66 7 25 1
98 4 47 2
7 60 6 43
35 55 7 17
22 90 12 44
94 54 7 47
97 9 1 7
6 9 3 5
68 82 51 20
83 6 65 2
19 68 13 33
22 77 0 64
67 75 6 33
83 85 2 81
48 11 8 6
71 56 33 19
37 72 6 47
31 80 28 27
3 16 0 2
46 9 40 6
82 50 66 9
35 36 0 13
98 70 81 23
79 56 20 53
81 25 13 16
5 56 0 0
25 19 6 6
25 60 9 39
63 57 60 23
90 82 57 32
51 67 20 10
22 23 16 9
46 93 33 76
4 32 3 8
48 49 40 23
62 80 21 75
90 16 62 14
52 56 28 13
77 39 8 18
59 89 36 54
37 71 11 2
100 29 52 24
31 21 20 10
54 64 52 61
77 93 52 26
5 51 0 3
87 20 79 16
63 36 17 0
6 25 0 1
7 7 3 4
25 84 10 18
47 99 28 54
91 93 16 83
97 40 61 24
14 11 7 6
44 48 23 28
26 5 5 4
9 64 3 53
3 51 1 8
5 79 3 66
27 81 5 20
21 76 8 73
84 95 16 90
42 28 9 5
30 41 13 31
58 22 49 4
70 91 17 76
25 82 23 12
62 70 23 19
45 40 3 24
88 23 34 13
49 44 2 23
83 8 36 3
27 7 6 6
95 11 82 4
90 94 11 17
63 99 52 58
92 60 89 29
36 50 22 23
92 21 35 13
26 43 20 20
48 29 37 20
37 74 8 10
23 44 3 27
96 80 16 5
93 86 75 40
89 83 67 61
57 31 42 30
28 94 10 28
22 81 1 74
10 46 3 45
87 85 77 1
21 21 2 17
60 46 36 28
82 57 7 50
41 55 10 14
4 97 3 16
33 70 29 37
15 86 8 13
26 44 21 27
19 61 18 5
6 57 5 51
13 70 9 63
78 90 40 54
42 63 38 14
32 94 15 69
35 87 3 49
85 34 66 22
48 20 47 18
75 20 52 2
87 10 60 7
97 17 94 14
33 6 20 1
53 30 47 19
71 12 64 6
97 53 82 49
27 50 3 30
67 82 52 8
89 93 53 80
63 75 17 48
34 52 19 32
35 76 30 4
41 23 9 13
29 31 9 27
35 82 9 46
63 10 38 7
56 41 0 16
70 88 59 38
39 37 23 32
66 64 59 50
84 94 9 86
79 31 39 9
66 34 60 22
95 36 76 35
31 44 13 27
31 48 4 20
82 93 44 67
56 74 6 65
24 100 3 35
84 86 19 75
73 94 61 60
84 29 67 24
70 98 8 51
45 62 23 35
54 74 2 53
48 75 46 0
31 70 13 67
55 53 32 43
100 46 11 44
72 72 49 4
69 58 55 49
74 31 28 29
5 17 2 14
46 54 15 51
77 59 24 43
65 56 41 33
99 68 27 18
93 50 27 43
62 33 2 17
61 73 23 55
44 67 37 51
20 57 17 25
15 10 2 0
63 56 27 3
23 51 20 4
54 70 12 26
100 67 82 44
93 70 81 5
36 63 13 27
19 99 9 10
9 46 5 28
55 22 29 7
26 79 22 11
49 83 43 11
49 47 15 45
70 5 28 4
21 16 13 6
15 76 13 60
75 48 9 27
67 27 52 19
5 13 2 1
93 67 11 51
67 24 0 11
80 19 49 5
33 57 27 41
86 20 52 15
21 59 3 21
83 11 0 10
21 53 3 28
73 96 63 35
74 50 14 46
22 65 14 15
75 5 20 0
76 22 50 10
79 26 51 6
34 65 3 29
17 46 9 28
41 88 40 9
37 53 0 51
71 89 60 19
47 21 43 5
41 84 13 28
9 49 1 38
13 43 10 15
86 73 27 16
60 57 49 6
9 32 2 16
20 75 8 15
93 32 17 12
16 9 8 2
55 100 19 51
42 60 11 56
33 33 28 0
88 61 55 47
46 53 8 38
27 99 17 70
85 73 33 5
79 18 52 4
17 87 4 1
100 18 27 15
4 94 3 86
10 25 2 7
75 19 39 12
71 6 13 2
32 30 21 9
46 79 17 42
21 66 6 19
37 5 35 4
52 89 10 87
67 73 30 67
45 90 20 2
49 73 21 62
3 83 0 30
17 99 7 46
20 72 16 71
31 22 23 11
64 35 34 6
7 59 0 53
5 26 0 20
96 49 90 44
85 23 79 15
75 54 14 19
79 50 19 14
25 98 16 83
32 35 28 4
92 90 80 55
69 20 37 10
22 80 19 22
3 11 1 4
62 47 26 14
51 21 45 7
18 87 2 11
21 81 19 49
27 40 14 12
14 67 12 12
46 71 18 39
79 94 72 41
95 51 41 38
69 33 22 3
73 83 42 52
64 87 30 50
80 80 41 56
46 91 35 16
61 68 5 56
62 19 11 6
23 62 14 2
93 78 43 18
61 34 17 25
20 77 16 2
56 98 53 52
44 75 26 3
43 41 3 7
13 25 12 23
85 30 51 10
7 14 1 4
46 7 11 2
81 70 45 59
24 24 23 6
52 40 14 27
35 60 2 36
83 25 33 19
8 7 0 1
72 47 50 30
51 37 12 33
60 67 55 31
88 71 41 68
65 12 38 6
25 98 8 4
76 70 18 65
30 77 21 69
24 86 13 23
76 13 42 1
78 94 29 30
21 59 18 57
24 9 6 7
6 29 2 16
53 32 21 25
62 61 54 32
47 5 12 3
69 31 4 22
24 69 2 32
81 86 34 26
48 66 46 20
49 53 27 18
82 43 49 6
58 23 3 13
79 44 7 14
28 32 2 11
54 21 46 17
60 33 47 0
52 38 25 19
89 93 49 79
90 50 44 12
70 3 31 0
98 24 1 11
53 4 23 1
76 81 25 21
67 81 25 49
19 6 15 0
97 32 69 7
79 51 0 27
7 33 2 8
10 60 6 58
62 63 7 20
98 21 23 5
100 20 71 3
78 60 51 17
45 15 35 0
